4 60666
6 61670
8 61757
10 61842
12 61930
14 62020
16 62114
18 62215
20 62322
22 62433
24 62552
26 62684
28 62815
30 62948
32 63091
34 63236
36 63387
38 63534
40 63699
42 63863
44 64027
46 64194
48 64368
50 64548
52 64736
54 64925
56 65108
58 65314
60 65519
62 65726
64 65945
66 66165
68 66395
70 66649
72 66907
74 67135
76 67429
78 67679
80 67949
82 68226
84 68491
86 68757
88 69030
90 69330
92 69609
94 69896
96 70195
98 70486
100 70792
102 71096
104 71405
106 71733
108 72034
110 72391
112 72723
114 73021
116 73351
118 73706
120 74059
122 74417
124 74776
126 75138
128 75491
130 75854
132 76228
134 76600
136 76971
138 77346
140 77726
142 78122
144 78552
146 78990
148 79438
150 79877
152 80315
154 80709
156 81144
158 81577
160 81918
162 82328
164 82793
166 83268
168 83742
170 84224
172 84725
174 85166
176 85636
178 86075
180 86480
182 86974
184 87499
186 87996
188 88467
190 88998
192 89548
194 89981
196 90453
198 90982
200 91486
202 92022
204 92501
206 93025
208 93522
210 94048
212 94563
214 95128
216 95689
218 96319
220 96915
222 97508
224 98097
226 98708
228 99275
230 99806
232 100426
234 101012
236 101530
238 102098
240 102701
242 103336
244 103955
246 104624
248 105288
250 105920
252 106516
254 107153
256 107777
258 108396
260 109172
262 109809
264 110696
266 111533
268 112199
270 113003
272 113669
274 114184
276 114945
278 115637
280 116279
282 116956
284 117617
286 118221
288 118819
290 119566
292 120407
294 121572
296 122571
298 123472
300 124458
302 125566
304 126644
306 127507
308 128358
310 129074
312 129780
314 130598
316 131401
318 132121
320 132870
322 133727
324 134730
326 135538
328 136154
330 136692
332 137344
334 138030
336 138840
338 139502
340 140152
342 140842
344 141667
346 142480
348 143248
350 144020
352 144796
354 145606
356 146417
358 147183
360 148060
362 148880
364 149625
366 150368
368 151120
370 151972
372 152897
374 153874
376 154720
378 155677
380 156408
382 157226
384 158126
386 158949
388 159977
390 160865
392 161834
394 162638
396 163490
398 164233
400 165005
402 165992
404 166905
406 167732
408 168535
410 169491
412 170490
414 171413
416 172224
418 173149
420 173917
422 174712
424 175556
426 176508
428 177462
430 178475
432 179455
434 180543
436 181523
438 182313
440 183204
442 184039
444 184912
446 185807
448 186702
450 187616
452 188569
454 189385
456 190384
458 191456
460 192434
462 193563
464 194647
466 195679
468 196490
470 197433
472 198507
474 199456
476 200290
478 201342
480 202277
482 203147
484 204055
486 204985
488 206013
490 207096
492 208058
494 208881
496 209739
498 210768
500 211779
502 213038
504 214115
506 215221
508 216122
510 217139
512 217903
514 219037
516 220207
518 221272
520 222218
522 223115
524 224039
526 225089
528 226162
530 227146
532 228246
534 229295
536 230451
538 231512
540 232603
542 233641
544 235016
546 236388
548 237694
550 238857
552 240405
554 241635
556 242778
558 244551
560 245833
562 246861
564 247856
566 249137
568 250106
570 251733
572 253301
574 254400
576 255506
578 256586
580 257706
582 259093
584 260376
586 261531
588 262574
590 263815
592 265044
594 266555
596 267787
598 268939
600 270046
602 270859
604 271671
606 272640
608 273629
610 274731
612 275757
614 276987
616 278103
618 279598
620 280986
622 282112
624 283274
626 284639
628 285704
630 287008
632 288209
634 289220
636 290323
638 291531
640 292792
642 294015
644 294927
646 295690
648 296793
650 297904
652 298896
654 300173
656 301550
658 302942
660 304297
662 305534
664 306938
666 307999
668 308902
670 310096
672 311376
674 312584
676 313771
678 314892
680 315722
682 316926
684 317954
686 318808
688 319866
690 321057
692 322004
694 323213
696 324643
698 326365
700 327811
702 329341
704 330653
706 331992
708 332952
710 334192
712 335165
714 336556
716 337806
718 339080
720 340392
722 341592
724 342890
726 344384
728 345849
730 347162
732 348441
734 349555
736 351044
738 352445
740 353760
742 354985
744 356418
746 357693
748 358734
750 359782
752 360968
754 362201
756 363591
758 364838
760 366084
762 367324
764 368727
766 370250
768 371886
770 373357
772 374629
774 375705
776 377063
778 378214
780 379410
782 380761
784 382246
786 383979
788 385202
790 386558
792 387898
794 389323
796 390860
798 392502
800 394187
802 395665
804 397265
806 398645
808 400018
810 401153
812 402496
814 403837
816 405058
818 406119
820 407482
822 408937
824 410027
826 411808
828 413166
830 414694
832 416108
834 417567
836 419159
838 420564
840 422253
842 423983
844 425573
846 427175
848 428593
850 430037
852 431666
854 432952
856 434256
858 435546
860 436973
862 438376
864 439861
866 441290
868 442675
870 443863
872 445123
874 446713
876 448339
878 449650
880 450792
882 452586
884 454221
886 455575
888 456748
890 457945
892 459302
894 460484
896 461579
898 462707
900 464114
902 465427
904 466578
906 468454
908 470275
910 471939
912 473383
914 474744
916 475943
918 477587
920 478995
922 481066
924 482949
926 484365
928 486396
930 488332
932 489667
934 490808
936 491906
938 493718
940 495123
942 496580
944 498413
946 500097
948 501483
950 502936
952 504739
954 506038
956 507736
958 509348
960 510527
962 511902
964 513187
966 514641
968 516429
970 517742
972 519360
974 521018
976 522502
978 523706
980 524812
982 525826
984 527322
986 528993
988 530987
990 532596
992 534102
994 535699
996 537234
998 538509
