4 5472
6 5503
8 5533
10 5569
12 5610
14 5652
16 5696
18 5744
20 5793
22 5847
24 5907
26 5965
28 6028
30 6094
32 6170
34 6243
36 6319
38 6395
40 6479
42 6564
44 6655
46 6780
48 6880
50 6982
52 7084
54 7191
56 7300
58 7412
60 7525
62 7633
64 7750
66 7865
68 7980
70 8104
72 8236
74 8375
76 8517
78 8656
80 8801
82 8947
84 9094
86 9250
88 9406
90 9566
92 9728
94 9879
96 10025
98 10196
100 10374
102 10549
104 10724
106 10899
108 11089
110 11277
112 11468
114 11656
116 11851
118 12046
120 12268
122 12468
124 12674
126 12875
128 13092
130 13323
132 13552
134 13770
136 13998
138 14229
140 14463
142 14709
144 14929
146 15153
148 15498
150 15816
152 16074
154 16332
156 16590
158 16834
160 17097
162 17341
164 17592
166 17865
168 18102
170 18369
172 18653
174 18941
176 19200
178 19465
180 19735
182 20006
184 20279
186 20528
188 20788
190 21048
192 21323
194 21608
196 21905
198 22198
200 22465
202 22776
204 23087
206 23421
208 23730
210 24012
212 24334
214 24644
216 24962
218 25313
220 25669
222 26007
224 26321
226 26627
228 26942
230 27308
232 27643
234 28036
236 28395
238 28743
240 29084
242 29437
244 29771
246 30152
248 30476
250 30867
252 31206
254 31575
256 31907
258 32207
260 32559
262 32934
264 33335
266 33724
268 34080
270 34432
272 34801
274 35212
276 35606
278 36001
280 36437
282 36819
284 37160
286 37436
288 37795
290 38184
292 38589
294 38978
296 39398
298 39778
300 40169
302 40565
304 40971
306 41400
308 41846
310 42273
312 42666
314 43132
316 43558
318 43948
320 44354
322 44849
324 45321
326 45777
328 46160
330 46595
332 47019
334 47472
336 47967
338 48430
340 48880
342 49339
344 49780
346 50287
348 50744
350 51176
352 51642
354 52088
356 52437
358 52895
360 53266
362 53661
364 54057
366 54570
368 55072
370 55563
372 56028
374 56511
376 56905
378 57414
380 57837
382 58312
384 58837
386 59403
388 59923
390 60471
392 61028
394 61523
396 62123
398 62730
400 63295
402 63760
404 64309
406 64892
408 65429
410 65944
412 66472
414 66995
416 67503
418 67903
420 68471
422 68971
424 69560
426 70079
428 70632
430 71191
432 71680
434 72187
436 72752
438 73372
440 73936
442 74568
444 75173
446 75699
448 76258
450 76928
452 77615
454 78178
456 78793
458 79421
460 80056
462 80701
464 81356
466 81881
468 82459
470 83120
472 83762
474 84535
476 85283
478 86078
480 86726
482 87409
484 88043
486 88594
488 89066
490 89633
492 90180
494 90741
496 91234
498 91821
500 92584
502 93269
504 93821
506 94425
508 95028
510 95731
512 96410
514 97170
516 97850
518 98538
520 99157
522 99682
524 100340
526 100920
528 101578
530 102136
532 102718
534 103292
536 104021
538 104814
540 105532
542 106199
544 106957
546 107712
548 108278
550 108916
552 109432
554 110157
556 110776
558 111541
560 112201
562 112768
564 113250
566 113890
568 114529
570 115203
572 115911
574 116681
576 117427
578 118070
580 118768
582 119515
584 120093
586 120701
588 121414
590 121859
592 122510
594 123253
596 124021
598 124804
600 125480
602 126079
604 126618
606 127307
608 128019
610 128510
612 129021
614 129749
616 130328
618 130885
620 131648
622 132253
624 132949
626 133669
628 134345
630 135011
632 135768
634 136529
636 137162
638 137864
640 138587
642 139324
644 140164
646 140714
648 141336
650 142025
652 142740
654 143670
656 144600
658 145566
660 146406
662 147163
664 147881
666 148687
668 149326
670 149795
672 150500
674 151188
676 151952
678 152753
680 153581
682 154255
684 154711
686 155343
688 156162
690 156738
692 157463
694 158196
696 158978
698 159725
700 160639
702 161357
704 162165
706 163118
708 163911
710 164546
712 165150
714 165805
716 166405
718 166982
720 167719
722 168387
724 169132
726 169935
728 170711
730 171458
732 172310
734 173200
736 173942
738 174873
740 175733
742 176650
744 177334
746 177931
748 178735
750 179468
752 180099
754 180962
756 181806
758 182629
760 183478
762 184236
764 185015
766 185768
768 186821
770 188049
772 189234
774 190281
776 190987
778 191664
780 192245
782 193236
784 193990
786 194594
788 195231
790 196238
792 196980
794 197778
796 198565
798 199549
800 200453
802 201389
804 202117
806 202732
808 203484
810 204282
812 205046
814 205768
816 206652
818 207340
820 208053
822 208897
824 209776
826 210423
828 211190
830 211995
832 213119
834 213943
836 214838
838 215469
840 216336
842 217287
844 218048
846 218898
848 219845
850 220626
852 221393
854 222295
856 223087
858 224068
860 225008
862 225952
864 226903
866 228082
868 229130
870 230063
872 231128
874 232169
876 233317
878 234412
880 235230
882 236092
884 237027
886 237903
888 238789
890 239633
892 240537
894 241490
896 242406
898 243320
900 244229
902 244927
904 245704
906 246511
908 247337
910 248053
912 248909
914 249990
916 250844
918 251571
920 252505
922 253459
924 254365
926 255168
928 256022
930 256733
932 257678
934 258731
936 259705
938 260531
940 261489
942 262414
944 263354
946 264399
948 265242
950 266197
952 267089
954 268102
956 269052
958 269998
960 270973
962 272147
964 273046
966 273779
968 274577
970 275644
972 276560
974 277477
976 278438
978 279583
980 280641
982 281567
984 282377
986 283403
988 284445
990 285436
992 286387
994 287436
996 288563
998 289410
