4 2394
6 2423
8 2456
10 2496
12 2538
14 2583
16 2634
18 2690
20 2751
22 2814
24 2883
26 2957
28 3035
30 3116
32 3202
34 3295
36 3392
38 3494
40 3591
42 3698
44 3811
46 3932
48 4054
50 4179
52 4314
54 4450
56 4594
58 4750
60 4900
62 5059
64 5217
66 5372
68 5537
70 5709
72 5891
74 6064
76 6265
78 6459
80 6711
82 7082
84 7312
86 7518
88 7786
90 8072
92 8293
94 8534
96 8774
98 9015
100 9369
102 9758
104 10051
106 10273
108 10470
110 10731
112 10967
114 11214
116 11480
118 11751
120 12025
122 12372
124 12648
126 12902
128 13142
130 13400
132 13690
134 13987
136 14280
138 14589
140 14911
142 15238
144 15568
146 15904
148 16216
150 16544
152 16877
154 17246
156 17651
158 18016
160 18374
162 18741
164 19062
166 19352
168 19674
170 20028
172 20399
174 20768
176 21190
178 21618
180 22022
182 22388
184 22763
186 23134
188 23503
190 23821
192 24245
194 24634
196 25061
198 25467
200 25861
202 26286
204 26688
206 27082
208 27532
210 27980
212 28473
214 28946
216 29355
218 29842
220 30337
222 30797
224 31202
226 31665
228 32114
230 32514
232 33002
234 33453
236 33898
238 34290
240 34727
242 35219
244 35668
246 36168
248 36699
250 37216
252 37758
254 38279
256 38765
258 39284
260 39809
262 40364
264 40914
266 41478
268 42060
270 42670
272 43341
274 43873
276 44390
278 44845
280 45397
282 45922
284 46444
286 47196
288 47816
290 48547
292 49263
294 49890
296 50489
298 51074
300 51647
302 52196
304 52925
306 54330
308 55318
310 55839
312 56432
314 56941
316 57546
318 58290
320 59069
322 59774
324 60462
326 61017
328 61640
330 62324
332 63003
334 63662
336 64324
338 64919
340 65677
342 66235
344 66950
346 67977
348 69392
350 70707
352 71564
354 72335
356 73037
358 73740
360 74515
362 75226
364 76041
366 76872
368 78263
370 79394
372 79991
374 80703
376 81399
378 82122
380 82825
382 83511
384 84272
386 84997
388 85807
390 86729
392 87368
394 88041
396 88796
398 89561
400 90324
402 91011
404 91919
406 92759
408 93729
410 94631
412 95390
414 96072
416 96763
418 97469
420 98270
422 99134
424 99954
426 100732
428 101413
430 102350
432 103133
434 103870
436 104839
438 106130
440 107595
442 108661
444 109366
446 110337
448 111172
450 111860
452 112594
454 113390
456 114037
458 114715
460 115344
462 116263
464 117412
466 118319
468 119791
470 120810
472 121578
474 122327
476 123108
478 123988
480 124793
482 125708
484 126560
486 127568
488 128673
490 130204
492 131854
494 133038
496 134728
498 135740
500 137042
502 138300
504 139661
506 140699
508 142006
510 143587
512 145225
514 146631
516 147884
518 148987
520 149998
522 150779
524 152281
526 153779
528 154874
530 155931
532 156677
534 157602
536 158370
538 159226
540 160020
542 160880
544 161756
546 162738
548 163600
550 164470
552 165272
554 166412
556 167461
558 168194
560 169179
562 170208
564 171094
566 171941
568 172809
570 173593
572 174508
574 175483
576 176615
578 177746
580 178805
582 179639
584 180413
586 181223
588 182058
590 182699
592 183567
594 184744
596 185876
598 186742
600 187509
602 188489
604 189380
606 190307
608 191292
610 192196
612 193255
614 194083
616 195045
618 196058
620 197009
622 197910
624 199070
626 200008
628 200775
630 201792
632 202803
634 203901
636 204860
638 205652
640 206659
642 207876
644 208759
646 209984
648 211225
650 212010
652 213090
654 214433
656 215547
658 216558
660 217316
662 218272
664 219618
666 220748
668 222149
670 224072
672 225284
674 226805
676 228410
678 229520
680 230428
682 231453
684 232507
686 234250
688 236059
690 237553
692 239218
694 240855
696 242648
698 244078
700 245308
702 246529
704 247682
706 248905
708 249976
710 251064
712 252148
714 253050
716 254711
718 255860
720 256607
722 257350
724 258618
726 259893
728 261158
730 262267
732 263310
734 264318
736 265356
738 266405
740 267490
742 268776
744 270300
746 271462
748 273279
750 274610
752 275704
754 277030
756 278473
758 279636
760 280414
762 281540
764 282918
766 284546
768 285728
770 287030
772 287820
774 288557
776 289581
778 291026
780 292418
782 293440
784 294776
786 295776
788 296885
790 298479
792 299478
794 300303
796 301214
798 302188
800 303260
802 304456
804 305760
806 307094
808 308465
810 309351
812 310660
814 312199
816 313687
818 314867
820 315975
822 316938
824 317957
826 319244
828 320601
830 322536
832 324794
834 326909
836 328698
838 329624
840 330323
842 331093
844 332355
846 333414
848 334734
850 336207
852 337461
854 338497
856 339366
858 340722
860 342090
862 343716
864 344808
866 345905
868 347546
870 349211
872 351543
874 354004
876 355611
878 357081
880 358666
882 359951
884 361129
886 362541
888 363717
890 364955
892 366293
894 367731
896 369123
898 371161
900 373269
902 374288
904 375674
906 377118
908 378576
910 380043
912 381209
914 382924
916 384829
918 386314
920 387866
922 389788
924 391934
926 393764
928 395042
930 396317
932 397801
934 399504
936 400670
938 402276
940 403789
942 405512
944 406937
946 408560
948 409836
950 410924
952 411667
954 412909
956 413940
958 415198
960 416730
962 417897
964 418812
966 419752
968 420986
970 422026
972 423353
974 424387
976 425622
978 426942
980 427957
982 429273
984 430606
986 431538
988 432359
990 433823
992 434954
994 436288
996 438057
998 439500
